Données météo à la station TMCH04 pour la période du lundi 25 février 2019 au dimanche 3 mars 2019
date,heure UTC,ref_mesure,61101-30,61101-50,61102-30,61102-50,62101-3,62101-8,62101-24,62101-30,62101-48,62101-80,62101-114,65102-3,dir_vent
25-02-2019,01,20190225,0.88,-9999,87.00,-9999,5.45,-9999,-9999,6.75,-9999,-9999,-9999,0.00,ENE
25-02-2019,02,20190225,0.27,-9999,138.50,-9999,4.35,-9999,-9999,6.40,-9999,-9999,-9999,0.00,SSE
25-02-2019,03,20190225,0.58,-9999,102.00,-9999,4.00,-9999,-9999,5.75,-9999,-9999,-9999,0.00,ESE
25-02-2019,04,20190225,0.50,-9999,101.50,-9999,3.50,-9999,-9999,5.50,-9999,-9999,-9999,0.00,ESE
25-02-2019,05,20190225,1.21,-9999,86.00,-9999,3.75,-9999,-9999,5.15,-9999,-9999,-9999,0.00,ENE
25-02-2019,06,20190225,0.58,-9999,96.00,-9999,2.80,-9999,-9999,4.70,-9999,-9999,-9999,0.00,ESE
25-02-2019,07,20190225,0.36,-9999,113.00,-9999,2.40,-9999,-9999,3.80,-9999,-9999,-9999,0.00,ESE
25-02-2019,08,20190225,0.09,-9999,195.50,-9999,2.75,-9999,-9999,3.95,-9999,-9999,-9999,0.00,SSO
25-02-2019,09,20190225,0.23,-9999,133.50,-9999,5.70,-9999,-9999,7.20,-9999,-9999,-9999,0.00,ESE
25-02-2019,10,20190225,0.95,-9999,93.50,-9999,10.30,-9999,-9999,10.15,-9999,-9999,-9999,0.00,ESE
25-02-2019,11,20190225,1.14,-9999,90.50,-9999,13.05,-9999,-9999,12.70,-9999,-9999,-9999,0.00,ESE
25-02-2019,12,20190225,1.37,-9999,58.00,-9999,15.20,-9999,-9999,14.70,-9999,-9999,-9999,0.00,ENE
25-02-2019,13,20190225,1.76,-9999,56.00,-9999,15.95,-9999,-9999,15.35,-9999,-9999,-9999,0.00,ENE
25-02-2019,14,20190225,1.93,-9999,78.50,-9999,16.85,-9999,-9999,16.20,-9999,-9999,-9999,0.00,ENE
25-02-2019,15,20190225,1.95,-9999,62.00,-9999,17.40,-9999,-9999,16.75,-9999,-9999,-9999,0.00,ENE
25-02-2019,16,20190225,1.65,-9999,38.00,-9999,17.30,-9999,-9999,16.90,-9999,-9999,-9999,0.00,NNE
25-02-2019,17,20190225,2.34,-9999,34.00,-9999,16.30,-9999,-9999,15.90,-9999,-9999,-9999,0.00,NNE
25-02-2019,18,20190225,2.38,-9999,61.50,-9999,14.70,-9999,-9999,14.30,-9999,-9999,-9999,0.00,ENE
25-02-2019,19,20190225,3.52,-9999,77.00,-9999,13.75,-9999,-9999,13.50,-9999,-9999,-9999,0.00,ENE
25-02-2019,20,20190225,2.73,-9999,82.50,-9999,12.20,-9999,-9999,12.50,-9999,-9999,-9999,0.00,ENE
25-02-2019,21,20190225,2.84,-9999,89.00,-9999,11.75,-9999,-9999,11.75,-9999,-9999,-9999,0.00,ENE
25-02-2019,22,20190225,1.64,-9999,84.00,-9999,9.65,-9999,-9999,11.05,-9999,-9999,-9999,0.00,ENE
25-02-2019,23,20190225,1.25,-9999,96.50,-9999,7.70,-9999,-9999,10.30,-9999,-9999,-9999,0.00,ESE
25-02-2019,24,20190225,1.55,-9999,119.50,-9999,6.95,-9999,-9999,9.40,-9999,-9999,-9999,0.00,ESE
26-02-2019,01,20190226,1.07,-9999,79.00,-9999,6.00,-9999,-9999,9.15,-9999,-9999,-9999,0.00,ENE
26-02-2019,02,20190226,0.71,-9999,121.50,-9999,4.90,-9999,-9999,8.15,-9999,-9999,-9999,0.00,ESE
26-02-2019,03,20190226,0.28,-9999,159.00,-9999,3.95,-9999,-9999,6.60,-9999,-9999,-9999,0.00,SSE
26-02-2019,04,20190226,0.48,-9999,74.50,-9999,3.40,-9999,-9999,6.90,-9999,-9999,-9999,0.00,ENE
26-02-2019,05,20190226,0.29,-9999,101.00,-9999,2.75,-9999,-9999,5.10,-9999,-9999,-9999,0.00,ESE
26-02-2019,06,20190226,0.10,-9999,207.00,-9999,2.35,-9999,-9999,3.90,-9999,-9999,-9999,0.00,SSO
26-02-2019,07,20190226,0.38,-9999,161.50,-9999,2.00,-9999,-9999,3.35,-9999,-9999,-9999,0.00,SSE
26-02-2019,08,20190226,1.16,-9999,98.00,-9999,3.45,-9999,-9999,4.45,-9999,-9999,-9999,0.00,ESE
26-02-2019,09,20190226,0.87,-9999,97.50,-9999,6.80,-9999,-9999,6.90,-9999,-9999,-9999,0.00,ESE
26-02-2019,10,20190226,0.96,-9999,104.50,-9999,10.45,-9999,-9999,10.20,-9999,-9999,-9999,0.00,ESE
26-02-2019,11,20190226,0.64,-9999,104.00,-9999,13.55,-9999,-9999,13.60,-9999,-9999,-9999,0.00,ESE
26-02-2019,12,20190226,1.44,-9999,98.00,-9999,15.70,-9999,-9999,15.15,-9999,-9999,-9999,0.00,ESE
26-02-2019,13,20190226,2.45,-9999,83.00,-9999,16.95,-9999,-9999,16.20,-9999,-9999,-9999,0.00,ENE
26-02-2019,14,20190226,2.38,-9999,79.50,-9999,18.10,-9999,-9999,17.35,-9999,-9999,-9999,0.00,ENE
26-02-2019,15,20190226,1.85,-9999,69.50,-9999,18.60,-9999,-9999,17.95,-9999,-9999,-9999,0.00,ENE
26-02-2019,16,20190226,2.02,-9999,40.50,-9999,18.05,-9999,-9999,17.65,-9999,-9999,-9999,0.00,NNE
26-02-2019,17,20190226,2.16,-9999,57.00,-9999,17.10,-9999,-9999,16.85,-9999,-9999,-9999,0.00,ENE
26-02-2019,18,20190226,2.11,-9999,66.00,-9999,15.80,-9999,-9999,15.50,-9999,-9999,-9999,0.00,ENE
26-02-2019,19,20190226,2.67,-9999,71.50,-9999,14.65,-9999,-9999,14.50,-9999,-9999,-9999,0.00,ENE
26-02-2019,20,20190226,1.83,-9999,80.50,-9999,11.90,-9999,-9999,13.55,-9999,-9999,-9999,0.00,ENE
26-02-2019,21,20190226,1.31,-9999,88.00,-9999,9.80,-9999,-9999,12.25,-9999,-9999,-9999,0.00,ENE
26-02-2019,22,20190226,1.05,-9999,101.00,-9999,8.50,-9999,-9999,11.00,-9999,-9999,-9999,0.00,ESE
26-02-2019,23,20190226,0.76,-9999,105.00,-9999,7.30,-9999,-9999,9.35,-9999,-9999,-9999,0.00,ESE
26-02-2019,24,20190226,0.77,-9999,111.50,-9999,6.60,-9999,-9999,8.50,-9999,-9999,-9999,0.00,ESE
27-02-2019,01,20190227,0.84,-9999,92.00,-9999,5.60,-9999,-9999,7.75,-9999,-9999,-9999,0.00,ESE
27-02-2019,02,20190227,0.85,-9999,101.00,-9999,4.95,-9999,-9999,8.15,-9999,-9999,-9999,0.00,ESE
27-02-2019,03,20190227,1.63,-9999,113.50,-9999,5.30,-9999,-9999,8.10,-9999,-9999,-9999,0.00,ESE
27-02-2019,04,20190227,0.34,-9999,186.50,-9999,4.25,-9999,-9999,6.90,-9999,-9999,-9999,0.00,SSO
27-02-2019,05,20190227,0.57,-9999,239.00,-9999,3.30,-9999,-9999,4.55,-9999,-9999,-9999,0.00,OSO
27-02-2019,06,20190227,0.26,-9999,192.50,-9999,2.90,-9999,-9999,4.55,-9999,-9999,-9999,0.00,SSO
27-02-2019,07,20190227,1.02,-9999,100.00,-9999,3.20,-9999,-9999,5.65,-9999,-9999,-9999,0.00,ESE
27-02-2019,08,20190227,0.88,-9999,125.50,-9999,5.45,-9999,-9999,7.75,-9999,-9999,-9999,0.00,ESE
27-02-2019,09,20190227,0.63,-9999,183.00,-9999,8.85,-9999,-9999,9.95,-9999,-9999,-9999,0.00,SSO
27-02-2019,10,20190227,0.84,-9999,207.50,-9999,11.85,-9999,-9999,12.80,-9999,-9999,-9999,0.00,SSO
27-02-2019,11,20190227,1.71,-9999,216.50,-9999,15.60,-9999,-9999,15.70,-9999,-9999,-9999,0.00,SSO
27-02-2019,12,20190227,3.15,-9999,224.00,-9999,17.55,-9999,-9999,16.80,-9999,-9999,-9999,0.00,SSO
27-02-2019,13,20190227,3.14,-9999,225.50,-9999,19.10,-9999,-9999,18.00,-9999,-9999,-9999,0.00,OSO
27-02-2019,14,20190227,2.80,-9999,233.00,-9999,19.75,-9999,-9999,18.85,-9999,-9999,-9999,0.00,OSO
27-02-2019,15,20190227,2.82,-9999,263.00,-9999,19.25,-9999,-9999,18.50,-9999,-9999,-9999,0.00,OSO
27-02-2019,16,20190227,2.78,-9999,261.50,-9999,18.55,-9999,-9999,18.15,-9999,-9999,-9999,0.00,OSO
27-02-2019,17,20190227,3.08,-9999,264.00,-9999,17.45,-9999,-9999,17.15,-9999,-9999,-9999,0.00,OSO
27-02-2019,18,20190227,1.83,-9999,252.50,-9999,15.25,-9999,-9999,15.60,-9999,-9999,-9999,0.00,OSO
27-02-2019,19,20190227,1.18,-9999,247.00,-9999,12.85,-9999,-9999,14.05,-9999,-9999,-9999,0.00,OSO
27-02-2019,20,20190227,0.84,-9999,239.00,-9999,10.70,-9999,-9999,12.85,-9999,-9999,-9999,0.00,OSO
27-02-2019,21,20190227,0.67,-9999,249.50,-9999,9.05,-9999,-9999,10.95,-9999,-9999,-9999,0.00,OSO
27-02-2019,22,20190227,0.70,-9999,248.50,-9999,7.95,-9999,-9999,10.10,-9999,-9999,-9999,0.00,OSO
27-02-2019,23,20190227,1.37,-9999,247.50,-9999,6.90,-9999,-9999,9.10,-9999,-9999,-9999,0.00,OSO
27-02-2019,24,20190227,1.21,-9999,235.50,-9999,6.30,-9999,-9999,8.95,-9999,-9999,-9999,0.00,OSO
28-02-2019,01,20190228,0.71,-9999,250.50,-9999,5.55,-9999,-9999,7.60,-9999,-9999,-9999,0.00,OSO
28-02-2019,02,20190228,0.31,-9999,266.50,-9999,4.95,-9999,-9999,6.45,-9999,-9999,-9999,0.00,OSO
28-02-2019,03,20190228,0.72,-9999,256.00,-9999,4.30,-9999,-9999,5.95,-9999,-9999,-9999,0.00,OSO
28-02-2019,04,20190228,0.60,-9999,244.00,-9999,3.95,-9999,-9999,5.95,-9999,-9999,-9999,0.00,OSO
28-02-2019,05,20190228,0.58,-9999,249.00,-9999,3.75,-9999,-9999,5.90,-9999,-9999,-9999,0.00,OSO
28-02-2019,06,20190228,0.68,-9999,258.00,-9999,3.65,-9999,-9999,5.90,-9999,-9999,-9999,0.00,OSO
28-02-2019,07,20190228,1.44,-9999,241.00,-9999,3.90,-9999,-9999,6.35,-9999,-9999,-9999,0.00,OSO
28-02-2019,08,20190228,1.91,-9999,238.00,-9999,5.70,-9999,-9999,7.50,-9999,-9999,-9999,0.00,OSO
28-02-2019,09,20190228,4.71,-9999,245.00,-9999,8.45,-9999,-9999,8.30,-9999,-9999,-9999,0.00,OSO
28-02-2019,10,20190228,5.96,-9999,254.00,-9999,9.00,-9999,-9999,7.75,-9999,-9999,-9999,0.00,OSO
28-02-2019,11,20190228,5.48,-9999,257.50,-9999,9.25,-9999,-9999,8.40,-9999,-9999,-9999,0.00,OSO
28-02-2019,12,20190228,4.90,-9999,256.00,-9999,10.75,-9999,-9999,9.65,-9999,-9999,-9999,0.00,OSO
28-02-2019,13,20190228,4.61,-9999,246.00,-9999,11.10,-9999,-9999,10.05,-9999,-9999,-9999,0.00,OSO
28-02-2019,14,20190228,4.68,-9999,237.00,-9999,11.80,-9999,-9999,10.75,-9999,-9999,-9999,0.00,OSO
28-02-2019,15,20190228,5.20,-9999,245.00,-9999,11.70,-9999,-9999,10.85,-9999,-9999,-9999,0.00,OSO
28-02-2019,16,20190228,3.78,-9999,241.00,-9999,11.60,-9999,-9999,10.90,-9999,-9999,-9999,0.00,OSO
28-02-2019,17,20190228,4.12,-9999,244.50,-9999,10.80,-9999,-9999,10.25,-9999,-9999,-9999,0.60,OSO
28-02-2019,18,20190228,3.00,-9999,236.50,-9999,9.75,-9999,-9999,9.50,-9999,-9999,-9999,0.20,OSO
28-02-2019,19,20190228,4.14,-9999,231.00,-9999,9.50,-9999,-9999,9.30,-9999,-9999,-9999,0.20,OSO
28-02-2019,20,20190228,4.57,-9999,234.50,-9999,8.90,-9999,-9999,8.70,-9999,-9999,-9999,0.00,OSO
28-02-2019,21,20190228,4.73,-9999,236.50,-9999,8.70,-9999,-9999,8.35,-9999,-9999,-9999,0.20,OSO
28-02-2019,22,20190228,4.48,-9999,241.00,-9999,8.85,-9999,-9999,8.30,-9999,-9999,-9999,0.20,OSO
28-02-2019,23,20190228,4.39,-9999,242.50,-9999,8.75,-9999,-9999,8.25,-9999,-9999,-9999,0.20,OSO
28-02-2019,24,20190228,4.50,-9999,238.00,-9999,8.80,-9999,-9999,8.25,-9999,-9999,-9999,0.40,OSO
01-03-2019,01,20190301,4.96,-9999,243.50,-9999,8.80,-9999,-9999,8.35,-9999,-9999,-9999,0.00,OSO
01-03-2019,02,20190301,5.09,-9999,249.00,-9999,8.80,-9999,-9999,8.35,-9999,-9999,-9999,0.20,OSO
01-03-2019,03,20190301,4.30,-9999,260.00,-9999,8.80,-9999,-9999,8.25,-9999,-9999,-9999,0.00,OSO
01-03-2019,04,20190301,4.27,-9999,269.50,-9999,8.75,-9999,-9999,8.05,-9999,-9999,-9999,1.40,OSO
01-03-2019,05,20190301,3.76,-9999,286.00,-9999,8.35,-9999,-9999,7.65,-9999,-9999,-9999,1.40,ONO
01-03-2019,06,20190301,2.74,-9999,283.50,-9999,8.00,-9999,-9999,7.45,-9999,-9999,-9999,0.20,ONO
01-03-2019,07,20190301,4.65,-9999,303.00,-9999,7.55,-9999,-9999,6.90,-9999,-9999,-9999,0.00,ONO
01-03-2019,08,20190301,4.54,-9999,298.50,-9999,6.70,-9999,-9999,5.85,-9999,-9999,-9999,0.00,ONO
01-03-2019,09,20190301,4.55,-9999,296.00,-9999,6.35,-9999,-9999,5.50,-9999,-9999,-9999,0.00,ONO
01-03-2019,10,20190301,4.79,-9999,300.00,-9999,6.30,-9999,-9999,5.55,-9999,-9999,-9999,0.00,ONO
01-03-2019,11,20190301,3.88,-9999,308.00,-9999,6.60,-9999,-9999,5.85,-9999,-9999,-9999,0.00,ONO
01-03-2019,12,20190301,3.55,-9999,307.50,-9999,6.95,-9999,-9999,6.05,-9999,-9999,-9999,0.00,ONO
01-03-2019,13,20190301,3.78,-9999,314.00,-9999,7.25,-9999,-9999,6.35,-9999,-9999,-9999,0.00,ONO
01-03-2019,14,20190301,2.44,-9999,312.00,-9999,7.25,-9999,-9999,6.30,-9999,-9999,-9999,0.00,ONO
01-03-2019,15,20190301,2.16,-9999,318.00,-9999,7.25,-9999,-9999,6.30,-9999,-9999,-9999,0.00,NNO
01-03-2019,16,20190301,2.23,-9999,301.00,-9999,7.20,-9999,-9999,6.15,-9999,-9999,-9999,0.00,ONO
01-03-2019,17,20190301,1.30,-9999,318.50,-9999,6.65,-9999,-9999,5.80,-9999,-9999,-9999,0.00,NNO
01-03-2019,18,20190301,1.32,-9999,269.00,-9999,6.65,-9999,-9999,5.95,-9999,-9999,-9999,0.00,OSO
01-03-2019,19,20190301,1.20,-9999,261.00,-9999,6.60,-9999,-9999,6.05,-9999,-9999,-9999,0.00,OSO
01-03-2019,20,20190301,0.99,-9999,246.50,-9999,6.85,-9999,-9999,6.20,-9999,-9999,-9999,0.00,OSO
01-03-2019,21,20190301,1.80,-9999,232.00,-9999,7.00,-9999,-9999,6.20,-9999,-9999,-9999,0.00,OSO
01-03-2019,22,20190301,2.02,-9999,230.50,-9999,7.05,-9999,-9999,6.30,-9999,-9999,-9999,0.00,OSO
01-03-2019,23,20190301,2.46,-9999,234.00,-9999,7.05,-9999,-9999,6.30,-9999,-9999,-9999,0.00,OSO
01-03-2019,24,20190301,2.67,-9999,238.00,-9999,7.15,-9999,-9999,6.40,-9999,-9999,-9999,0.00,OSO
02-03-2019,01,20190302,2.32,-9999,239.50,-9999,7.30,-9999,-9999,6.50,-9999,-9999,-9999,0.00,OSO
02-03-2019,02,20190302,2.25,-9999,236.00,-9999,7.40,-9999,-9999,6.65,-9999,-9999,-9999,0.00,OSO
02-03-2019,03,20190302,2.33,-9999,240.00,-9999,7.40,-9999,-9999,6.60,-9999,-9999,-9999,0.00,OSO
02-03-2019,04,20190302,1.52,-9999,222.00,-9999,7.25,-9999,-9999,6.65,-9999,-9999,-9999,0.00,SSO
02-03-2019,05,20190302,1.49,-9999,191.50,-9999,7.20,-9999,-9999,6.50,-9999,-9999,-9999,0.00,SSO
02-03-2019,06,20190302,1.51,-9999,177.00,-9999,7.15,-9999,-9999,6.45,-9999,-9999,-9999,0.00,SSE
02-03-2019,07,20190302,2.06,-9999,176.50,-9999,7.15,-9999,-9999,6.55,-9999,-9999,-9999,0.00,SSE
02-03-2019,08,20190302,2.57,-9999,171.00,-9999,7.45,-9999,-9999,6.70,-9999,-9999,-9999,0.00,SSE
02-03-2019,09,20190302,3.43,-9999,191.00,-9999,8.60,-9999,-9999,7.60,-9999,-9999,-9999,0.00,SSO
02-03-2019,10,20190302,4.35,-9999,213.50,-9999,8.80,-9999,-9999,7.65,-9999,-9999,-9999,0.00,SSO
02-03-2019,11,20190302,3.99,-9999,212.00,-9999,8.35,-9999,-9999,7.50,-9999,-9999,-9999,0.00,SSO
02-03-2019,12,20190302,4.43,-9999,218.00,-9999,8.70,-9999,-9999,7.65,-9999,-9999,-9999,0.00,SSO
02-03-2019,13,20190302,4.67,-9999,221.00,-9999,9.15,-9999,-9999,8.10,-9999,-9999,-9999,0.00,SSO
02-03-2019,14,20190302,5.14,-9999,221.00,-9999,9.55,-9999,-9999,8.60,-9999,-9999,-9999,0.00,SSO
02-03-2019,15,20190302,3.82,-9999,218.00,-9999,10.10,-9999,-9999,9.15,-9999,-9999,-9999,0.00,SSO
02-03-2019,16,20190302,4.94,-9999,234.50,-9999,10.20,-9999,-9999,9.45,-9999,-9999,-9999,0.20,OSO
02-03-2019,17,20190302,4.97,-9999,247.50,-9999,10.15,-9999,-9999,9.60,-9999,-9999,-9999,0.00,OSO
02-03-2019,18,20190302,4.13,-9999,248.50,-9999,10.25,-9999,-9999,9.85,-9999,-9999,-9999,0.00,OSO
02-03-2019,19,20190302,4.72,-9999,241.00,-9999,10.45,-9999,-9999,9.95,-9999,-9999,-9999,0.00,OSO
02-03-2019,20,20190302,4.74,-9999,236.50,-9999,10.10,-9999,-9999,9.65,-9999,-9999,-9999,0.00,OSO
02-03-2019,21,20190302,4.65,-9999,229.50,-9999,9.65,-9999,-9999,9.35,-9999,-9999,-9999,0.00,OSO
02-03-2019,22,20190302,4.42,-9999,218.50,-9999,9.15,-9999,-9999,8.80,-9999,-9999,-9999,0.00,SSO
02-03-2019,23,20190302,4.74,-9999,220.00,-9999,9.05,-9999,-9999,8.75,-9999,-9999,-9999,0.00,SSO
02-03-2019,24,20190302,5.81,-9999,222.00,-9999,9.35,-9999,-9999,8.80,-9999,-9999,-9999,0.00,SSO
03-03-2019,01,20190303,6.29,-9999,222.50,-9999,9.15,-9999,-9999,8.60,-9999,-9999,-9999,0.00,SSO
03-03-2019,02,20190303,5.92,-9999,221.50,-9999,9.25,-9999,-9999,8.70,-9999,-9999,-9999,0.00,SSO
03-03-2019,03,20190303,6.84,-9999,221.50,-9999,9.60,-9999,-9999,9.05,-9999,-9999,-9999,0.00,SSO
03-03-2019,04,20190303,7.54,-9999,221.00,-9999,9.85,-9999,-9999,9.20,-9999,-9999,-9999,0.00,SSO
03-03-2019,05,20190303,6.96,-9999,222.00,-9999,9.85,-9999,-9999,9.10,-9999,-9999,-9999,0.00,SSO
03-03-2019,06,20190303,6.64,-9999,222.50,-9999,9.60,-9999,-9999,8.95,-9999,-9999,-9999,0.20,SSO
03-03-2019,07,20190303,7.23,-9999,222.00,-9999,9.90,-9999,-9999,9.30,-9999,-9999,-9999,0.20,SSO
03-03-2019,08,20190303,5.62,-9999,216.00,-9999,9.45,-9999,-9999,8.85,-9999,-9999,-9999,1.80,SSO
03-03-2019,09,20190303,5.35,-9999,218.50,-9999,9.55,-9999,-9999,9.10,-9999,-9999,-9999,1.20,SSO
03-03-2019,10,20190303,5.60,-9999,223.00,-9999,9.75,-9999,-9999,9.30,-9999,-9999,-9999,1.00,SSO
03-03-2019,11,20190303,6.02,-9999,219.50,-9999,10.05,-9999,-9999,10.00,-9999,-9999,-9999,0.00,SSO
03-03-2019,12,20190303,6.40,-9999,220.00,-9999,10.40,-9999,-9999,10.45,-9999,-9999,-9999,0.00,SSO
03-03-2019,13,20190303,6.68,-9999,220.50,-9999,11.00,-9999,-9999,11.05,-9999,-9999,-9999,0.00,SSO
03-03-2019,14,20190303,7.18,-9999,222.50,-9999,11.65,-9999,-9999,11.40,-9999,-9999,-9999,0.00,SSO
03-03-2019,15,20190303,6.21,-9999,221.50,-9999,12.05,-9999,-9999,11.75,-9999,-9999,-9999,0.00,SSO
03-03-2019,16,20190303,6.05,-9999,213.00,-9999,12.25,-9999,-9999,11.75,-9999,-9999,-9999,0.00,SSO
03-03-2019,17,20190303,5.72,-9999,209.50,-9999,12.30,-9999,-9999,11.80,-9999,-9999,-9999,0.00,SSO
03-03-2019,18,20190303,5.54,-9999,208.00,-9999,11.75,-9999,-9999,11.30,-9999,-9999,-9999,0.20,SSO
03-03-2019,19,20190303,6.20,-9999,208.00,-9999,11.55,-9999,-9999,11.20,-9999,-9999,-9999,0.00,SSO
03-03-2019,20,20190303,7.44,-9999,208.50,-9999,11.80,-9999,-9999,11.30,-9999,-9999,-9999,0.00,SSO
03-03-2019,21,20190303,7.99,-9999,214.00,-9999,12.15,-9999,-9999,11.65,-9999,-9999,-9999,0.00,SSO
03-03-2019,22,20190303,6.84,-9999,212.00,-9999,12.20,-9999,-9999,11.80,-9999,-9999,-9999,0.00,SSO
03-03-2019,23,20190303,7.20,-9999,206.50,-9999,12.15,-9999,-9999,11.70,-9999,-9999,-9999,0.00,SSO
03-03-2019,24,20190303,7.44,-9999,211.00,-9999,12.10,-9999,-9999,11.60,-9999,-9999,-9999,0.00,SSO
